=== Metric 1: Average Balance ===
+------------+--------+--------+--------+--------+--------+--------+--------+--------+--------+--------------+---------+--------+
| Rule       |    n=4 |    n=5 |    n=6 |    n=7 |    n=8 |    n=9 |   n=10 |   n=11 |   n=12 |   Grand Mean |   Score |   Rank |
+============+========+========+========+========+========+========+========+========+========+==============+=========+========+
| CCR1       | 0.3896 | 0.2444 | 0.1656 | 0.0899 | 0.0578 | 0.0324 | 0.0226 | 0.0145 | 0.0099 |       0.1141 |   90.85 |      5 |
+------------+--------+--------+--------+--------+--------+--------+--------+--------+--------+--------------+---------+--------+
| CCR2       | 0.3896 | 0.2444 | 0.1333 | 0.0823 | 0.0543 | 0.029  | 0.0198 | 0.0132 | 0.009  |       0.1083 |   97.88 |      3 |
+------------+--------+--------+--------+--------+--------+--------+--------+--------+--------+--------------+---------+--------+
| CCR3       | 0.3896 | 0.2423 | 0.1333 | 0.0878 | 0.0521 | 0.0315 | 0.0202 | 0.0138 | 0.0092 |       0.1088 |   97.25 |      4 |
+------------+--------+--------+--------+--------+--------+--------+--------+--------+--------+--------------+---------+--------+
| CCR4       | 0.3896 | 0.2444 | 0.1324 | 0.078  | 0.0494 | 0.0272 | 0.0186 | 0.0116 | 0.0082 |       0.1066 |  100    |      1 |
+------------+--------+--------+--------+--------+--------+--------+--------+--------+--------+--------------+---------+--------+
| MinDisc    | 0.3896 | 0.2462 | 0.1286 | 0.0849 | 0.0507 | 0.0277 | 0.0186 | 0.0125 | 0.0084 |       0.1075 |   98.95 |      2 |
+------------+--------+--------+--------+--------+--------+--------+--------+--------+--------+--------------+---------+--------+
| PrefSame   | 0.3896 | 0.2735 | 0.2135 | 0.1488 | 0.1131 | 0.0818 | 0.0621 | 0.0472 | 0.0376 |       0.1519 |   44.5  |      8 |
+------------+--------+--------+--------+--------+--------+--------+--------+--------+--------+--------------+---------+--------+
| LexComp    | 0.3896 | 0.2735 | 0.2135 | 0.145  | 0.1135 | 0.0807 | 0.0621 | 0.0468 | 0.0376 |       0.1514 |   45.16 |      7 |
+------------+--------+--------+--------+--------+--------+--------+--------+--------+--------+--------------+---------+--------+
| RunLength  | 0.3896 | 0.265  | 0.1925 | 0.1287 | 0.1033 | 0.0666 | 0.0552 | 0.0387 | 0.033  |       0.1414 |   57.37 |      6 |
+------------+--------+--------+--------+--------+--------+--------+--------+--------+--------+--------------+---------+--------+
| PrefOpp    | 0.4452 | 0.3165 | 0.2246 | 0.1645 | 0.1161 | 0.0881 | 0.0657 | 0.0505 | 0.0402 |       0.1679 |   24.86 |      9 |
+------------+--------+--------+--------+--------+--------+--------+--------+--------+--------+--------------+---------+--------+
| LC2        | 0.4765 | 0.3269 | 0.2381 | 0.1714 | 0.1214 | 0.0904 | 0.0678 | 0.0516 | 0.0409 |       0.1761 |   14.85 |     10 |
+------------+--------+--------+--------+--------+--------+--------+--------+--------+--------+--------------+---------+--------+
| RunLength2 | 0.4765 | 0.3306 | 0.2613 | 0.1988 | 0.1521 | 0.1067 | 0.0743 | 0.0528 | 0.0409 |       0.1882 |    0    |     11 |
+------------+--------+--------+--------+--------+--------+--------+--------+--------+--------+--------------+---------+--------+

=== Metric 2: Balance Spread Within Cycle Lengths ===
+------------+--------+--------+--------+--------+--------+--------+--------+--------+--------+--------------+---------+--------+
| Rule       |    n=4 |    n=5 |    n=6 |    n=7 |    n=8 |    n=9 |   n=10 |   n=11 |   n=12 |   Grand Mean |   Score |   Rank |
+============+========+========+========+========+========+========+========+========+========+==============+=========+========+
| CCR1       | 0.1944 | 0.0849 | 0.1468 | 0.0472 | 0.0358 | 0.0243 | 0.0179 | 0.0074 | 0.0052 |       0.0627 |   86.41 |      4 |
+------------+--------+--------+--------+--------+--------+--------+--------+--------+--------+--------------+---------+--------+
| CCR2       | 0.1944 | 0.0849 | 0.0952 | 0.0315 | 0.0411 | 0.0167 | 0.0125 | 0.0072 | 0.0054 |       0.0543 |   95.91 |      2 |
+------------+--------+--------+--------+--------+--------+--------+--------+--------+--------+--------------+---------+--------+
| CCR3       | 0.1944 | 0.151  | 0.0952 | 0.0584 | 0.0359 | 0.0289 | 0.0129 | 0.0083 | 0.0044 |       0.0655 |   83.18 |      5 |
+------------+--------+--------+--------+--------+--------+--------+--------+--------+--------+--------------+---------+--------+
| CCR4       | 0.1944 | 0.0849 | 0.0659 | 0.0421 | 0.0331 | 0.0145 | 0.0108 | 0.0057 | 0.0053 |       0.0508 |  100    |      1 |
+------------+--------+--------+--------+--------+--------+--------+--------+--------+--------+--------------+---------+--------+
| MinDisc    | 0.1944 | 0.15   | 0.0469 | 0.0435 | 0.0243 | 0.0173 | 0.0084 | 0.0051 | 0.0028 |       0.0547 |   95.44 |      3 |
+------------+--------+--------+--------+--------+--------+--------+--------+--------+--------+--------------+---------+--------+
| PrefSame   | 0.1944 | 0.14   | 0.1345 | 0.1145 | 0.0872 | 0.0854 | 0.0527 | 0.0457 | 0.0307 |       0.0984 |   45.63 |      7 |
+------------+--------+--------+--------+--------+--------+--------+--------+--------+--------+--------------+---------+--------+
| LexComp    | 0.1944 | 0.14   | 0.1345 | 0.1308 | 0.103  | 0.0827 | 0.0519 | 0.0441 | 0.03   |       0.1013 |   42.28 |      8 |
+------------+--------+--------+--------+--------+--------+--------+--------+--------+--------+--------------+---------+--------+
| RunLength  | 0.1944 | 0.1964 | 0.1054 | 0.0855 | 0.0788 | 0.068  | 0.0396 | 0.0281 | 0.0185 |       0.0905 |   54.56 |      6 |
+------------+--------+--------+--------+--------+--------+--------+--------+--------+--------+--------------+---------+--------+
| PrefOpp    | 0.2    | 0.2107 | 0.1923 | 0.1346 | 0.1355 | 0.1143 | 0.0722 | 0.0541 | 0.0377 |       0.1279 |   11.84 |      9 |
+------------+--------+--------+--------+--------+--------+--------+--------+--------+--------+--------------+---------+--------+
| LC2        | 0.2    | 0.2333 | 0.2519 | 0.145  | 0.1357 | 0.1127 | 0.0728 | 0.0548 | 0.0383 |       0.1383 |    0    |     11 |
+------------+--------+--------+--------+--------+--------+--------+--------+--------+--------+--------------+---------+--------+
| RunLength2 | 0.2    | 0.1583 | 0.2084 | 0.1911 | 0.1475 | 0.1251 | 0.0721 | 0.0522 | 0.0351 |       0.1322 |    6.94 |     10 |
+------------+--------+--------+--------+--------+--------+--------+--------+--------+--------+--------------+---------+--------+

=== Metric 3: Cycle Length Diversity ===
+------------+-------+-------+-------+-------+-------+-------+--------+--------+--------+---------+--------+
| Rule       |   n=4 |   n=5 |   n=6 |   n=7 |   n=8 |   n=9 |   n=10 |   n=11 |   n=12 |   Score |   Rank |
+============+=======+=======+=======+=======+=======+=======+========+========+========+=========+========+
| CCR1       |     5 |    10 |    17 |    31 |    47 |   106 |    183 |    332 |    643 |   32.92 |     10 |
+------------+-------+-------+-------+-------+-------+-------+--------+--------+--------+---------+--------+
| CCR2       |     5 |    10 |    17 |    31 |    54 |   109 |    190 |    360 |    664 |   41.56 |      9 |
+------------+-------+-------+-------+-------+-------+-------+--------+--------+--------+---------+--------+
| CCR3       |     5 |    10 |    17 |    36 |    58 |   113 |    197 |    403 |    727 |   67.49 |      8 |
+------------+-------+-------+-------+-------+-------+-------+--------+--------+--------+---------+--------+
| CCR4       |     5 |    10 |    16 |    30 |    51 |    94 |    165 |    293 |    563 |    0    |     11 |
+------------+-------+-------+-------+-------+-------+-------+--------+--------+--------+---------+--------+
| MinDisc    |     5 |    11 |    19 |    33 |    63 |   121 |    223 |    412 |    790 |   93.42 |      4 |
+------------+-------+-------+-------+-------+-------+-------+--------+--------+--------+---------+--------+
| PrefSame   |     5 |    11 |    20 |    40 |    70 |   132 |    225 |    430 |    778 |   88.48 |      5 |
+------------+-------+-------+-------+-------+-------+-------+--------+--------+--------+---------+--------+
| LexComp    |     5 |    11 |    20 |    38 |    71 |   133 |    225 |    430 |    770 |   85.19 |      6 |
+------------+-------+-------+-------+-------+-------+-------+--------+--------+--------+---------+--------+
| RunLength  |     5 |    10 |    19 |    41 |    62 |   124 |    223 |    425 |    744 |   74.49 |      7 |
+------------+-------+-------+-------+-------+-------+-------+--------+--------+--------+---------+--------+
| PrefOpp    |     6 |    12 |    22 |    38 |    69 |   135 |    236 |    442 |    802 |   98.35 |      2 |
+------------+-------+-------+-------+-------+-------+-------+--------+--------+--------+---------+--------+
| LC2        |     6 |    13 |    22 |    38 |    68 |   132 |    237 |    435 |    806 |  100    |      1 |
+------------+-------+-------+-------+-------+-------+-------+--------+--------+--------+---------+--------+
| RunLength2 |     6 |    12 |    22 |    40 |    70 |   133 |    233 |    458 |    793 |   94.65 |      3 |
+------------+-------+-------+-------+-------+-------+-------+--------+--------+--------+---------+--------+

=== Overall Ranking ===
+----------------+------------+------------------------+------------+------------+------------+
|   Overall Rank | Rule       |   Overall Score (/300) |   M1 Score |   M2 Score |   M3 Score |
+================+============+========================+============+============+============+
|              1 | MinDisc    |                 287.8  |      98.95 |      95.44 |      93.42 |
+----------------+------------+------------------------+------------+------------+------------+
|              2 | CCR3       |                 247.92 |      97.25 |      83.18 |      67.49 |
+----------------+------------+------------------------+------------+------------+------------+
|              3 | CCR2       |                 235.35 |      97.88 |      95.91 |      41.56 |
+----------------+------------+------------------------+------------+------------+------------+
|              4 | CCR1       |                 210.17 |      90.85 |      86.41 |      32.92 |
+----------------+------------+------------------------+------------+------------+------------+
|              5 | CCR4       |                 200    |     100    |     100    |       0    |
+----------------+------------+------------------------+------------+------------+------------+
|              6 | RunLength  |                 186.41 |      57.37 |      54.56 |      74.49 |
+----------------+------------+------------------------+------------+------------+------------+
|              7 | PrefSame   |                 178.61 |      44.5  |      45.63 |      88.48 |
+----------------+------------+------------------------+------------+------------+------------+
|              8 | LexComp    |                 172.63 |      45.16 |      42.28 |      85.19 |
+----------------+------------+------------------------+------------+------------+------------+
|              9 | PrefOpp    |                 135.05 |      24.86 |      11.84 |      98.35 |
+----------------+------------+------------------------+------------+------------+------------+
|             10 | LC2        |                 114.85 |      14.85 |       0    |     100    |
+----------------+------------+------------------------+------------+------------+------------+
|             11 | RunLength2 |                 101.59 |       0    |       6.94 |      94.65 |
+----------------+------------+------------------------+------------+------------+------------+
